    0.01     8.4201
    0.03     8.5624
    0.04     8.6420
    0.05     8.7681
    0.07     8.8110
    0.08     8.9750
    0.09     9.0337
    0.11     9.1791
    0.12     9.3122
    0.13     9.3899
    0.15     9.5486
    0.16     9.6763
    0.17     9.7820
    0.19     9.9307
    0.20    10.0614
    0.21    10.2165
    0.23    10.3552
    0.24    10.4393
    0.25    10.5861
    0.27    10.7517
    0.28    10.8842
    0.29    11.0062
    0.31    11.1657
    0.32    11.3202
    0.33    11.5593
    0.35    11.6538
    0.36    11.8317
    0.37    11.9710
    0.39    12.1655
    0.40    12.3367
    0.41    12.5526
    0.43    12.6882
    0.44    12.9224
    0.45    13.0763
    0.47    13.3090
    0.48    13.4396
    0.49    13.6745
    0.51    13.8529
    0.52    14.0600
    0.53    14.2940
    0.55    14.5535
    0.56    14.7239
    0.57    14.9380
    0.59    15.1779
    0.60    15.4129
    0.61    15.6788
    0.63    15.9082
    0.64    16.1593
    0.65    16.4322
    0.67    16.6636
    0.68    16.9461
    0.69    17.2595
    0.71    17.4573
    0.72    17.7848
    0.73    18.0744
    0.75    18.3205
    0.76    18.6276
    0.77    19.0191
    0.79    19.3157
    0.80    19.6301
    0.81    19.9632
    0.83    20.2039
    0.84    20.5709
    0.85    20.9546
    0.87    21.2796
    0.88    21.6742
    0.89    21.9976
    0.91    22.3817
    0.92    22.8038
    0.93    23.1386
    0.95    23.5531
    0.96    23.9421
    0.97    24.4370
    0.99    24.8160
    1.00    25.2312